0	1	2	3	4
5	6	7	8	9
10	11	12	13	14
15	16	17	18	19
20	21	22	23
24	25	26	6
27	28	29	30	31
32	33	34	35	36
3	37	7	38	39
0	40	41	42
43	12	44	45	46	47
48	49	50	51
52	53	54	55	56
57	58	59	60	61	62
63	64	65	66	67
68	69	70	71
72	73	74	75	76
77	78	7	79	80
57	81	82	83
84	85	86	87
88	89	90	47
91	92	93	94
95	96	97	98	99	9
100	101	102	103
104	105	106	9
107	108	109	110	111
112	113	114	115	116
117	118	119	120	121
122	96	123	56
124	125	56	126
127	85	128	129
130	131	132	133	134
135	115	136	137	138
26	131	139	140	141	142
143	6	144	145
146	147	148	149
150	151	152	153	49
154	155	139	156	53
127	157	83	158
159	160	161	162
163	12	164	165
166	167	168	169
170	171	172	173
174	175	176	177	178
179	47	180	181	39
182	183	184	185	94
186	187	75	0	188
189	190	191	100
192	193	194	195	196
197	198	199	49
200	44	201	202
203	204	66	205	206
207	208	209	210	211	212
213	214	215	216
57	217	218	219
220	221	222	223
224	225	226	227	228
182	229	12	230	70
100	231	232	233
96	234	47	201	235
236	49	237	238	239	240
241	242	243
100	6	244	103
245	61	246	247
248	249	139	64	250
127	251	252	173
182	253	38	52	254
255	139	256	257
258	259	260	261
262	263	264
265	266	80	56	267
268	269	270	271
272	273	274
275	276	277	278	279
280	281	282	190	52	267
192	283	284	56
285	14	286	287
288	289	290	291	292
293	294	7	295
296	297	298	299
300	301	302	303	304
96	60	305	306	307
308	7	309	85
310	311	312	313
314	292	77	315
310	316	317	318	319
6	320	321	322	85
88	323	324
325	326	327	328
329	330	331	332
333	334	335	294
336	337	115	49
338	6	339
340	341	342	12	343
8	344	345	244
346	75	17	347	348
349	350	333	9
117	351	57	352
353	354	355	356	49
357	358	359	360	80
361	362	363	153	364
365	366	8	85	367
368	153	49	369	370
371	372	373	374	375
376	377	378	379
8	85	380	381
169	382	383	384	9
385	386	387	388	80
172	389	269	218
0	346	53	390
391	201	7	263
355	146	75	392	393
394	395	396	397
398	399	7	400	52
401	402	153	290	403
404	363	47	405	38
406	407	408	409
8	286	410	75	38
20	411	412	413
414	45	415	416
417	418	419
420	1	421	422	379
57	82	423	424
425	426	45	427	428	176
429	115	430	431	57
432	433	434	435	49
436	437	82
438	9	439
440	441	442	443
444	445	446	447
448	264	66	85
449	450	451	452	453
454	176	455	247	456
457	458	459	224	460
461	462	83	463	219
464	428	465	466
467	468	167	469	470
471	472	473	85
474	276	475	415
26	476	264	247
477	478	479	480	481
482	44	483	484	267
310	389	485	486
487	488	489	490
491	492	118	115	493
275	276	53	494
495	496	50	497	498
57	468	479	255	499
500	206	75	115	501
502	363	503	504
505	506	507	508
509	510	511	512	513
514	515	26	6
516	47	517	518
519	520	47	521
189	31	522	100
182	523	75	524	525
526	527	528	529
530	47	45	38	531
532	533	284	373	534
535	536	537	481
538	266	480	539	540
482	44	541	542	543
544	545	64	546
547	548	549
550	187	551	552
553	44	267	284	554
505	555	556	358	557
464	558	559	560
561	176	562	563	0
564	383	44	565	71
566	115	44	284	493
567	53	568	70
569	66	570	444	571
572	573	97	372	574
57	479	359	176	575
576	47	577	481	578
293	487	579	26	6
505	580	581	410	582
583	584	129	585	292
361	586	50	587
588	193	589	477	590	591
592	7	593	594
595	596	97	372	597
598	599	600
601	602	45	603	604
605	389	139	606	607
100	444	206	596	65
608	358	609
255	610	611	612	613
224	259	396	614	615
616	617	618	619	206
620	621	618	622	206
623	624	625	6
0	255	626	611
0	146	627	149
628	629	171	403
505	630	556	358	557
293	294	631	632	47
444	633	634	635
636	637	638	639	640
385	641	642	643	644	645	481
646	647	7	648	206
107	649	650	9
651	57	257	652
653	654	655	656
657	658	659	660
553	661	372	429	662
663	664	665	666
583	667	7	668	206
669	45	670	671	287
446	672	673	4
674	675	676	677
678	679	363	680	85
681	682	683	684
685	686	687	644	645
57	411	584	219	481
688	96	34	689	690
691	692	41	693
694	695	696	662
697	386	698	699
464	631	700	701
195	149	346	702	703
704	705	706	707	708
709	206	710	711
314	712	713	714
715	85	716	39
717	97	45	718	719	720
721	722	373	723
84	85	86	87
444	316	724	725	726
156	727	728	555	219
729	510	730	731	383
732	316	724	733	734
107	735	559	736
737	382	446	738
713	739	167	740	741
742	743	415	96	380	227
744	227	745	100	273
130	746	96	747	748
749	750	751	541
752	753	754	273
337	755	175	756
757	758	759	760	761
762	522	526	527
763	206	267	764	34
765	766	767	768
241	769	770	360
241	769	770	360
771	772	773	537	481
774	775	776	777
778	779	780	781	782
783	784	785	786
787	788	303	789	375
790	791	792	793
752	267	335	294	624
117	794	795	85
796	530	611	797
798	799	80	115	13
800	191	365	708	413
801	802	745	803	804	227
170	805	172	173
806	807	53	43	808
809	810	811	812	813
771	772	383	814	815
816	206	45	56	260
414	14	75	644	645	250
236	117	817	818
819	820	772	383	821	822
254	206	823	824	825
26	826	827	537	828
0	829	206	830	831
778	231	373	832
553	44	387	833	834
835	836	786
837	838	839	373	840
841	176	562	842	49
644	645	843	318	687
195	844	845	149
8	846	611	537
72	117	847	810	228
848	237	849	850	707	851
852	853	75	100	316
24	854	644	645	250
477	206	855	64	481
856	264	53	6
857	858	859	860
500	206	604	115	662
861	6	862	863
864	360	665	865
866	867	868	254	6
869	870	481	83	537
871	872	873	227
874	875	75	57	468
96	876	636
856	264	53	6
877	878	879
254	206	823	824	825
687	880	75	644	645	881
882	373	426	883
884	97	517	885	240
886	81	887	62
888	294	7	889	834
890	891	49	892
495	893	894	895
77	896	897	898	49
899	900	901	902	49
903	904	905	740	906
907	174	908	909	910
911	167	0	912
913	914	50	3
915	916	917	918	96	481
919	360	920	921
922	923	221	924	925
926	731	85	794
355	927	602	100	928
737	382	446	738
929	930	117	931	348
636	932	610	611
933	934	935	219	348
704	705	936	708
72	937	284	559	938
939	787	559	208	57
26	316	556	940
203	250	941
942	602	943	506
576	278	944	481	834
869	945	123	537	946
947	948	253	115
57	58	949	950	951
623	345	952	100
953	602	954	429	96
955	956	957	232	958
337	117	959	115	49
476	345
6	793	960	961
361	962	57	19
963	53	964	965
195	372	966	261
967	968	969	970
971	972	973	974	975
976	444	977	978	764
650	979
980	52	541	484	981
88	479	584	982
983	496	131	96
984	259	556	268
985	611	224	986
987	988	115	525
495	989	82	990
112	991	85	992
262	993	60	994
482	44	995	52	87
505	827	608	410	996
997	396	847	998	999
1000	1001	1002	195	1003
1004	1005	1006	1007
276	57	1008	290
363	1009	137	6
715	85	716	39
385	268	45	837	1010
1011	971	972	330	1012
1013	278	1014	1015
1016	1017	1018	403
1019	1020	130	1021	330
57	346	219	374	708
1022	1023	1024	1025
20	7	75	834	1026	141
1027	1028	1029	1030
1031	522	1032	1033
20	1034	1035	38	1036
1037	45	415	1038
1039	860	261
1040	1041	415	96
1042	1043	1044	1045	1046
1047	167	740	1048
1049	16	1050	250
1051	1052	1053	433	316
3	37	1054	1055
1056	827	358	577	85	624
1000	1001	1057	1058	56
1059	1060	11	403
801	802	880	1061	1062	250
717	238	7	1063	206
254	667	1064	1065	1066
1067	1030	3	307
8	6	1068
262	121	1069	96	1070
1071	34	1072	444
20	244	799	1073	1074
717	238	718	719	1075
1076	1077	556	1078	1079
957	115	96	745	57	1080
926	731	85	794
608	358	1081	996
24	967	1082
0	1083	435	350	49
1084	1085	1086	1087	1088
117	1089	75	18	1090
337	1091	1092	1093
6	86	1094	278	258
1095	1096	1097	113	798
444	897	1095	262	49
628	1098	57	206
1099	1100	56	1101
464	1102	1103	435	49
1104	1105	49	1106	1107
1108	383	1109	1110	375
1	1111	261	83
1112	1113	284	1114
130	1115	14	1116	39
482	44	1117	278	1118
1119	1120	159	1121
537	1122	53	1123	206
88	1124	691	1125
537	1126	1127	64	1128
1129	1130	957	188
258	221	410	1131
1112	654	1132	1133	1134
1135	885	1136	517	9
1137	1138	444	259
51	48	596	611
0	1139	1140	1141
530	206	430	65
1142	1143	1144	1145
1146	7	57	708
293	1147	52	45	1148
77	896	139	1149
1150	190	85	1151
84	1152	64
96	1153	1154	1155
172	1156	1157	506
1158	237	1159	1160
801	802	745	803	804	227
1161	1162	1163
1164	1165	45	1166	80
314	830	713	1167	444
361	586	555	1168	537
1169	37	1170	1115	14
1171	198	1172	286	531
873	44	1173	1174
500	1175	957	435	501
57	1176	284	1177
382	1178	332	1179
965	58	81	1180	1181
1182	39	52	14
1171	1	990
215	52	201	1183
1184	1185	316	1186	1167	1187
553	1068	399	1188
1189	373	1190	158
1083	149	346	559	560
1191	1192	259	1193
840	1194	47	260
3	261	40	1195
1196	1197	1198	271
1199	383	1200	1201	777
1202	1203	1204
749	316	1205	1206	1207
1208	330	1209	506
619	764	1210	654	282
1211	1212	206	45
404	1129	1213	1214
608	410	14	439
1215	1216	206	1217	1218
1219	1220	1221	11	1222
1223	1027	168	756
43	12	426	45	1224
1225	1226	1227
1228	1229	375	1230
172	1231	144	1073	1232
1233	1234	1235	1236
281	21	1237	94
333	1238	254	141	1239
1240	1167	181	503	1241
1242	311	380	1231
1243	1244	303	1245
1246	1247	1248	1249	708
495	286	410	7	75	834
1071	1137	1250	3	49
717	1251	718	1252	85
1253	269	1254	1255
967	52	1256	1257	1258
117	561	346	895	49
1259	1260	1261	1262
1263	1264	584	555	1265
365	900	1266	778	1267
117	1167	1268	100
181	176	1269	1270
88	444	1271	1272
159	1273	1274	1275
539	1276	1167	1277	1278
1279	1280	96	1281	1282
1283	45	435	1284
884	1285	117	444
1286	1287	1288	373	825
668	1289	45	1290	47
1027	1291	1292	1293
446	672	673	4
117	1294	829	1295
77	965	1296	1297	1298
1154	1299	1300	96
1301	1302	1303	1167	1304
1305	96	1306	300	307
1307	1224	45	1308
77	1309	363	47	830
117	794	1310	85
6	485	360	1311
149	261	387	1312
159	1313	206	1314
1315	1316	1317
1318	1319	1320	1321
1322	541	1323	1324
1325	396	1326	1327	1328
1329	1330	930	1331	1328
1325	1332	1326	1328
1333	1334	1335	1336
1337	1338	137	1339	1340
1341	1342	1343	35
1344	1345	1346	1347
1348	1089	1349	1350
1351	1352	1353	35	1187
1354	1355	1356	1357
1358	1327	930	1330	1328
1359	1360	1361	1362
1363	1364	139	1365	1366
1367	1368	1302	1369	1370
1371	1372	1373	1167	318
1374	1375	389	1376	1206
1377	1378	1379	1380	1381
1382	1383	1384	1385
1386	1387	1388	1389	1390	1391
1392	1393	1394	1395
1396	1397	1398	1399
1400	1401	1402	986
1403	1395	396	1404	1405
1389	389	1406	55	49
1407	1408	1409	1410
1411	1356	780	35	1412
1413	307	1414	1415
1416	146	1417	1418
1419	1420	1421	1422
1423	870	1424	1425
1426	481	1427	1404
1073	1388	1389	1398	1330	1428
1429	1430	1416	1431
1432	1433	1434	708
1435	1436	1437	35	1438
1439	1440	1441	708
1442	1443	1444	1445	320
1446	1447	1448	35
1449	1450	100	45	35
1451	1452	1453
1386	1387	1454
1455	139	1456	1457	1393
1456	1458	1320	1459
1460	35	930	1461
429	35	930	1286	137	1328
1462	1463	1464	1465
1386	1387	1466
1467	1468	53	757	1469
1470	1471	1472	1473	1474	1475
1318	1319	1320	1321
1476	35	1477	1478
1333	35	1393	1479	1359
1480	12	484	35	1428
1481	35	1338	1482	836
1483	1484	1485	1486
1318	930	1167	1487	1488
1489	1490	1491	1492
1493	323	1494	1473	1474
1495	1496	1497	1498	1499
1500	1501	363	1502	1477
1503	1504	1505	1506
1507	1508	1509	1510	1167
1511	1512	1513	1514	1515
1516	849	1517	1518	1519
1520	1521	1522	1523	1524
1525	1526	734
1527	1314	1528	1529
1530	1531	1532	1533	1534
1535	1536	100	1482	836
1537	35	1538	1482	836
1539	1540	1541	1482	836
1539	1540	1541	1482	836
1542	1543	1544	1428
1545	1546	1547	1548
1549	1550	1551	385	1399
976	1552	1553	1554	761	35
1438	1555	1408	1556
1320	1557	1558	1559	1560
1561	1562	26	1563	1564
1565	35	1398	1461	1328	1566
1462	1002	1567	35
1501	1568	74	1399
1317	1444	175	1569
1570	35	541	1571
1501	1568	1572	1573	1399
383	1574	1286	35
1575	74	1576	35
1577	1578	1579	1437	35
1580	1534	1187	1581	1582
1583	1584	39	1585
1586	555	1167	1544	1428
1587	836	1588	1589
1590	282	1591	1592	35
1593	1594	75	1438	1595
1407	654	1596	1563	1597
1598	1599	1600	803
1201	1601	1438	1602
1603	1375	1604	278	1605
1606	479	1505	1607
1563	1608	1597	1609	1604
1411	1356	930	1610	1187
1611	396	1438	1459	1612
1613	1614	1615	1206
1542	1543	1544	1428
1480	1616	35	1428	1617
1618	1619	45	1620	1206
1482	836	555	38	80
1621	1386	1226	1482	836	1622
1623	1398	1482	836	1428
1624	1625	1286	1626
1627	1628	1629	1630	1631
831	1632	1633	1505
1462	724	668	1634
1635	555	1462	1444
1112	1523	1636	1637
1638	893	1639	1640	1641
1438	1642	1643	1644	1206
1645	284	1318	1438
1646	1375	1647	925
1648	1399	935	1357
1462	1649	262	389
1650	316	252	415	501
1651	1652	787	1653	1654
1565	97	1393	1333	1655
1656	35	1398	1571
1520	1657	1594	1299	316
1580	1658	1659	1532	541
1660	1661	1662	1663
1664	1665	1666	1667
1668	1669	284	227
1670	1671	555	1672
1673	541	1674	1393
1675	1676	346	1677	1239
1678	930	1679	1167	1680
1681	1682	1683	75	1684
1580	1685	1686	1286	1687
1688	1689	1690	1691
1095	505	1692	1444	45	1693
1694	1695	1696	541	1302
1697	1399	284	1698	1699
1700	923	1701	1702	1098
1470	1471	1703	1704
15	291	1705	1706	1528
1707	1708	34	1709
1710	1711	1712	1713
1714	1715	1716	1717
1718	1719	1720	1721	1722	1723
1724	1725	1726
1727	1728	1470	1471	1665
1729	1730	751	1731
1732	1733	1338	951
1734	1735	1736	1737
1738	1739	372	1740
1438	1741	1700	1742	1743
1744	372	1745	1746
1747	1748	1739	1749	649	541
1563	1750	1133	1751
1744	372	1752
1286	973	1753	1754
97	1755	1756	1757
1758	372	1759	1760
1761	1762	1763	1764
1763	1764	1765	1766
1767	1538	1768	1477
1769	793	1770	374
1771	541	139	1772	1773
1774	167	1775	75	1470	1471
1776	1683	1777	1206
1778	1779	517	1780
1781	1782	1783	1784	1206
1767	1538	1785	449	1786
1787	872	1788	1789
1790	1791	1792	1375	1793
1794	1795	74	1796	83
1797	1703	667	789
1700	1496	1798	1799	38
1800	1801	1802	1803
1804	541	1789	995
1805	1586	1806	708
1807	1808	1809	1810
1811	1756	1812	1813
1814	1440	1534	1815	1816
1817	1818	1819	1206
1820	1821	790	1822
1681	1682	1683	75	1684
1823	1824	1825	1286	1687
541	1523	1826	1827
1828	1829	1482	555	708
1830	541	1831	1832
1833	1834	1835	194	1836
1073	1232	1837	1167	1838	1287
541	1839	1840	1841
1787	872	1788	1789
403	1842	1843
1844	1712	1713	541
1817	1845	1788	481
1846	1532	789
1847	969	1688	1803
1848	1849	375	831	1850
1851	1852	1853	541
1854	962	1855	1712	1713
1814	1226	1586	1473	1474
1856	1857	1858	1364
1726	320	1859	1860	1861
1718	1719	1720	1721	1722	1723
1862	923	962	1824
1395	1863	1399	541
1864	1864	541	555
1865	1393	1197	8	1866
1763	1764	1120	1167	1782	1340
1346	1867	843	1721	1722
1868	1869	83
1810	74	751	333	1692
1640	1870	1871
1019	1872	1873	1874
1875	1876	1364	1362
790	1877	1353	1878	1399
1879	1880	1394	541
1073	1232	1837	1167	1838	1287
1448	1881	427	1658
1586	1882	1167	1428	1883
790	1782	1330	1884	1885	1652
790	1886	1626	1887	299
1888	1889	123	831
1890	1891	1712	1713
1362	1892	1364
1626	1676	1320
606	1683	1893	1894
1895	555	351	1896
1897	1898	1899	1900	375
1901	1902	1903	1904
1905	1572	1878
1545	1906	75	1530	1641
1907	1399	1908	1375	1909
1910	1911	1912	1913	1496
1914	1393	1915	1916	1206
1917	1918	1919	1695	1736	541
1493	323	1494	1473	1474
1216	1920	1167	154	1444
1921	1922	1923	1924
1925	1659	1926	1927
1495	1496	1497	1498	1499
1785	1928	1458	1399
1586	33	1428	1929
1930	1931	1932	1286
1921	1933	1934	1935
1936	62	1937	219
1938	346	1939	1684	1940
1941	1942	1943	1944
1945	1946	930	1375	1328
1341	1342	1343	35
1062	721	1947	1948	1949
8	1375	1950	559
1951	1952	1285	1953
1650	1297	1954	1955	1956
1957	1444	1958	1393	1959
1960	1961	1167	1962	1528	1287
1480	118	1482	836	1880
1963	1964	1965	52
1466	1966	930	47
1700	1393	1523	1967
1968	1712	1713	1969
1675	1970	1433	1971	1972
1520	1569	1375	803	606
1456	1973	7	1317
1974	35	1571	1975
1520	1976	1977	1978	1958
1921	1979	787	1980	1665
1565	97	1393	1333	1655
1921	1981	1982	1983
1374	1375	389	1376	1206
1586	1739	557	1984	1985
1986	1330	930	1456	49
1987	1988	1989	1990
1991	231	1586	1992
1993	1994	411	1995
1996	1512	1997	1749
1998	1999	2000	1959
1581	1582	1762	1493
1520	2001	2002	1428	2003
1549	1550	2004	2005	923
2006	2007	2008	2009	35
2010	1596	1741	2011
2012	2013	2014	2015	541
1790	1791	1792	1375	1793
1899	2016	949	2017
1446	2018	2019	541	2020
1413	70	2021	2022
1073	2023	83	1409	1399
1493	2024	2025	1375
1931	35	25	2026
1520	2001	485	2027	1297
1921	2028	2029	1043	1534	2030
2031	2032	1473	1474
521	1808	2033	1428	541
1741	2034	2035	2036
1658	1543	1962	2037	2038
2039	1428	831	2040
2041	1496	2042	201	2043
2044	930	1167	2045	751	1328
1345	2046	2047	2048	1363
2049	904	2050
2051	284	2052	2053
2054	2055	396	2056	351
2057	323	1167
1462	2058	668	1634
2059	2060	1375	2061
1621	1386	1226	1482	836	1622
2062	1797	541	301
1645	284	1318	1438
2063	1747	2064	423	2065
1320	2066	2067	2068
2069	930	2070	35	1438
2071	1658	2072	2073	1320
2074	1572	2075	2076
1448	1386	2077	1934
2078	1399	2079
2080	396	1482	836	1880
2081	962	2082	1949
2083	591	1762	1317
2084	2085	2086
2087	1966	870	2088	2089
1652	2090	75	35	2091
2092	35	2093	2094	2095
1500	2096	75	2097	1595
2098	2099	1634	1529
1710	74	2100	2101
2102	2103	2104	2053	2105
0	2106	1448	1818
2107	2108	2109	1456	1393
2110	827	1482	836
2111	74	2112	1399
1286	171	2113	2114
1537	35	1538	1482	836
1635	555	1462	1444
2115	97	123	2116	2117
1407	2118	1409	1989	2119
2120	555	957	2121
1409	2122	1505	1649
2123	726	1741	2124	1571
2125	880	1399	2126
26	1444	389	2127
154	555	75	1333	1327
2128	2129	2130	2131
1621	1959	1647	1594	1900
1537	1023	1482	836	2132
2115	2133	1726	1691
429	35	930	1286	137	1328
2134	2135	2136	1505	1609
1351	2137	1409	1762	522
2138	284	1318	1320
2139	2140	1692	2141
1318	1351	1572	1409	2142
1467	1468	53	757	1469
1626	251	2143	904	268
1875	2144	1558	1375	2145	1340
2146	2147	2148	2149	1206
2150	2151	2152	2097	1505
2153	2154	1555	1628
726	81	1482	836	1617
1357	2155	1648	1399
2156	962	2157	2158
1407	654	1596	1563	1597
2159	2160	1438	74
1570	35	541	1571
1286	2161	2162	75	1356
2163	930	2164	83
2165	1626	2166	2167	2168
2169	1593	1353	1167	1320
2170	1513	1640	1362
2171	794	2172	2173
2174	1444	1563	2175
1553	2176	1571	35	2177
1413	1393	1062	2178	1404	481
1438	1555	2179	2180	829
1778	907	2181	2182	1206
2183	7	2184	35
1778	2185	790	2186	2187
1517	35	2188	2189
2190	2191	1386	2192
2193	831	880	1438	2194
1351	1352	1538	1438	1041
1721	2195	930	2196	1187
2197	2198	2199	2200
2201	2202	2003	2203	708
2204	2205	2206
2207	2208	307	2209	2210
2211	2212	2213
2204	510	2214	654	14
2092	151	2215	2216	2217
1125	2218
2219	2220	2221	2222
2029	629	16	394	1282
1062	962	2223	2224	2225
1246	1247	2226	2227
2228	2219	139	2229	770	351
117	2230	1902	97	2231
1774	16	2224	2232	250
2029	7	284	1774	2233	307
151	2234	2235	41	2236
151	2024	2237	2238
2239	2240	873	2241
151	2242	2243	2244	2245
2246	1081	2247	986
2248	2249	282	1473	2250
2251	307	2252	2124	229
2253	2254	11	2255
2256	2257	2258	1902
2259	41	2260	2261
1073	2262	407	1667
2263	97	282	948	2264
1774	2265	2266	2173
2267	2268	2269	1125
2270	2271	736	510
2272	329	2273	2274	2248
2275	777	11	1802
2276	2277	75	2278	829
2279	2280	2281	2282
2283	2284	2285	2286
2204	407	2287	2288
2289	2290	2291	2292
2224	1912	1740
2293	2294	2295	403
2296	2297	2298
2299	2300	2301	2302	252
2303	2304	2204	828
555	282	284	2305
2306	2307	596	1602	116
2308	2309	2310	2311
2224	2300	2312	786
2313	2314	2315	2316
2317	2318	2319	2320
2029	766	2321	394
2322	2323	2261
2296	2297	2265
2324	2325	2326
717	303	49	1478
2327	2328	2329	2330
2331	962	313	264
2332	2333	1578	2334
1774	2335	1127	788	1010
2336	312	1730	1774
2337	2338	1902	635	555
2339	2340	97	2341	2342	2343
2344	2345	2346
2219	146	2224	2221	510
2347	2348	484	2349
2350	2351	2280	307
2352	2353	2354	2355
2224	2300	1098	1770	1883
2356	1	636	2357	510
2358	2359	2360	2361
2029	2362	2363	788	2173
2364	2365	2366	481
2367	2368	2369	1276	260
2370	2371	1740
2219	787	2372	2373	2374
2339	2340	113	75	2375
2376	375	2377	2378
2379	2380	2381	2382
2383	2384	2385	2386
2246	2387	2388	736	450
2389	1857	636	591	238
1774	787	2390	792
2391	2392	2393	2394
429	2395	2396	450
2248	1730	2397	2398
1429	2399	2400	2401
2402	2403	2232
1774	724	2404	611	49
2405	2212	2406	2407
2408	1971	2409	375
2410	450	2411	2232	370
2412	2413	2414	2327
2415	522	2416	2356
2265	2417	2418	375
2419	383	2157	138	2420
2421	2422	2423	2424
2425	2426	770	413
2029	2427	1509	607	1316
2428	2429	642	2430
2256	1676	2431	2432
2433	1	2412	2434
2435	2436	2096	1206
2219	171	2437	1740
2248	375	2438	2439	2440
2219	146	770	2441
2442	2443	2299	596
2444	2445	1231
2029	2446	6	624
2447	510	2448	151
2010	2449	1671	2450	278
1774	278	1532	165	1314
2204	217	2451	2452
2453	2454	2455	2456	2457
2458	2459	2460	2029	278
1774	2461	521	2462	165
2463	282	219	2464	2465
2466	410	2467	2468
176	2469	2470
2471	2254	2472	278	2436
2473	2474	2475	260
778	49	97	1239	137	2476
1176	2413	908	2219
2256	359	2394
2477	2478	2479	2480	62
1862	2481	2482	147	2483
2484	664	2485	2486
2487	2488	75	2294	2489
1774	278	2269	2490
2250	2418	2491	773
1161	2492	2493	2494
2322	2495	1552	2496	2497
173	2498	2499
151	2500	2501	2271
2502	2220	2503	1005
2504	2505	1667
2506	2507	501	2508	2509
2510	16	2511	2334
2350	635	2337	2512	2513
2265	307	158	1774
2514	2515	2516	2517
2518	2519	1010	2520
2521	2423	1750	2522
2523	2524	2525
1073	2526	571	2249	282	2527
2528	1973	2529	1902	2530
2531	1294	2532	2533	375
2534	312	2535	2536
2327	2537	2538	878
2029	844	2539	2540
2541	2507	2542	2439	2543
2544	2545	178	2341	282
2204	1077	2546	2547	2548
2549	2550	2551
1019	2552	2553	2554	829
2555	2556	375	2523
1468	2557	2558	162
2248	2452	2559	2560	1760
375	2106	2232	2561
2562	343	14	2563
2564	162	2507	2565
2453	517	2566	19
1084	2416	2567	2422
2568	2569	2570	1206	2571
1443	195	2572	1774	2573
1774	1802	914	2574
1019	1027	2299	2575	2576
2370	2577	2385	375
2578	962	2579	2260
2478	2580	2581	2582	2583
2584	2523	2585
2586	2552	990	2412
1774	2587	2265	307
1774	16	636	2588	1
2265	2573	2589	475
2484	16	2590	2591	2517
2224	2300	2018	1388	1125
2592	2593	2420	278
2594	2595	430	375	2320
2596	375	60	2003	2530
2405	307	2597	2598	1718	1694
2599	2600	2601	2602
2603	1973	1081	1902	2604
1146	2605	2492	1902	2606
494	2607	2204	838
2608	2304	2609	2610
2327	2523	117	2230
1774	2611	2612	2540
2613	1179	2614	1450
2219	962	238	2221
2356	2615	2616	1774
2617	723	799	278	2618
770	2619	278	1774
2620	2414	74	2412	2609
2621	2622	2507	2623
2204	2624	2625	2626
2297	2265	2627
1774	2628	2629	2630	2631
2632	1287	62	2633
2370	2605	2232	2634
2635	2636	1120	2637
2248	1730	2221	878
2638	2256	1450	290
2639	74	2640	2530	19	1027
2641	2642	2643	2644
2534	146	2385	814
151	2645	2337	2646	2647
2648	2649	2650	2212
2339	2340	2341	1653	1578
2651	2024	2652	2323	2606
2370	60	1740	2653
1073	4	1988	2654	2655
1774	2656	2657	2204	151
2658	2659	2660	962
2265	146	2661	510
1019	259	787	2662	2663
2664	2418	2491	672
2453	2665	2666
2667	313	2668	2500
2219	16	2669	62
2356	123	2670	2671
2672	1239	1532	508
1073	2673	2674	374	2499
1897	2675	829	2676
2677	2678	2679	2248
2680	1659	450	2541
2223	522	2265	323
2681	2682	1578	83
1774	2683	2684	62	1010
2685	2686	2687	1808
1774	2029	2448	151
2688	260	1286
2256	359	2559	2689
2248	2690	2691	2662
2506	2692	555	343	1131
2693	923	1287	2663
2694	2640	410	2695	151
2696	2697	11	2003	2698
2699	1440	2700
1774	2701	195	74
2248	2577	2702	2703	510
2704	2705	510	1735
2706	962	1532	165
2219	2707	1395	2708
2709	770	2710	2711
2204	346	2712	1297	65
2219	2217	1774	2713
2324	770	2714
651	2715	2716	2717
1774	2718	2719
2720	840	260	2721
2224	2722	171	2723
2724	1572	2725	2726	1287
1580	2727	2728	340
2248	2577	2702	2703	510
2029	1774	11	75	2233	1005
1774	1138	770	1602
2729	217	2730	195
2204	2250	624	2731
2732	624	2733	2734
2735	2736	2737	2516	2517
717	2738	2739	788	1293
2740	2741	45	343	2452
2224	2300	146	264	375
2370	510	2438	2742	2743
2139	2744	2745	2746
2029	2609	2204	2657
2747	2748	4	2749
2313	2750	2751
2752	2753	2630
1774	2683	2684	62	1010
1774	11	151	577	1297	65
2339	2754	75	770	259
2755	2756	503	2757
2594	2595	430	375	2320
1073	2549	2758	2535
2324	2759	2760	396	2761
151	2500	2501	2271
2688	221	1286	2762
2204	2763	1557	307
494	2607	2204	838
2764	2765	450	2422
2762	1802	770	2766
2618	2605	2625	1602
2358	2359	2360	2361
1774	2767	2224	264	510
2768	49	2769	2770	351
394	555	2771	770
2029	2772	6	2773
2774	1447	2029	229	2775
2549	2776	2523	8	2777
2778	2779	2780
2356	1302	2781	1684
2224	2782	2783	2784	1206
2433	1	2412	2434
2339	2754	2785	770	814
2248	2786	2661	510
1774	870	1971	2787	2173
2339	2340	2341	2788	2789
2790	962	2791	2792
2339	2340	2577	2793	2794
1774	787	2390	792
2204	2523	2219	2625
2795	394	2796	2797	2798
2534	312	2535	2536
2799	2800	2204
2339	2340	2465	394	2616	37
2391	2392	2393	2394
2206	930	2204	2801
2620	2802	2803	2804
2029	2427	1509	607	1316
2709	2710	2805	2806
2219	2683	2224	343	624
2308	2309	2310	2311
2549	2550	2551	1027
2246	2387	2388	736	450
2807	2808	2809	2356
2204	83	375	2810	2811
636	2588	62	488	75	307
2534	766	770	2812	2341
2799	1912	1740
2549	2813	2204	1287
2308	187	1287	591	2814
2815	2586	880	2412	831
2219	171	2437	1740
2224	2722	171	2816	260
2471	259	2817	86	731
2356	1138	770	21
2818	2819	1270
1774	11	2616	2820	811
2821	259	2822	591	1038
2823	2630	96	2824
2825	2826	151
2029	766	2321	394
2827	2828	2644
2029	629	16	394	1282
2613	407	2829	2830
2324	359	2831	2832
2029	2493	2833
2024	2499	2536	2649
790	2834	2835	2836	2574
1774	2324	2837
1774	878	2838	2839	838
2840	510	2841	343
2356	2842	2843	2844
2795	2224	343	383	872	2845
2549	642	194	2846	2847
2248	556	2848	843	2849
2283	2284	2285	2286
2324	2753	2630
2219	1774	343	2452	728
2850	770	2820
2851	171	591	2588	62
2852	2853	1167	1770	731
2854	2855	2856
2339	2340	2857	2858	303
2859	736	450	611
1062	962	2223	2224	2225
2584	1098	2860	2549
151	2861	2412	1696	375
2862	2863	2615
2724	1572	2725	2726	1287
1774	363	2864	195	2865
2356	2615	2616	1774
2356	1857	2866	2867
2868	2204	770	2869
2870	2871	770
2872	2873	344
2259	41	2606	2261	2874
2339	2340	2875	1629	2876	2877
2878	2568	2879	1206	1207
2880	728	343	2881
2219	962	2882	2883	394
2485	2884	11	1902
2885	2886	2887	2499
2402	2888	2889	2890
2327	787	2891	117	2892
1774	2605	2232	2606	2893
2620	2561	11	873	2894
2656	2895	2896	2897
241	2898	770	83
1774	2899	2900	799	1287
2325	2504	642	238	2901
151	113	2902	2903	2904
2248	2905	672	2906
2248	2552	2907	2908
2909	2760	799	219	83
2029	1	2910	539	212
2911	2912
2219	7	284	2913	2517
2914	2224	2439	2440
2296	2915	2029
2916	2917	260	838
2918	38	418
2919	2920	770
2219	2921	2922	1578
1774	1202	2923	1287	1127
2204	60	2392	2393	2375
2924	2630	2224
2925	1287	2820	1774
4	2738	480	2926
2303	1902	2760	1043	2927
2466	2928	609	2929
2029	407	2930	2931
2224	2550	1098	2280
1176	2413	2932	278	2219
2635	2933	2616	2934
2265	2935	770	290
1580	2248	2339	2936	455	2937
2938	343	2939	2248	2940
2941	1859	2942	2455	938
2943	2944	2945
2204	217	2325	2326
2677	383	2380	2946
2836	1287	1602	2663	2072
1774	1458	290	770
2768	2254	2232	2946
2204	2537	2224	1602
2339	2340	2577	770	2947
2948	1452	1314	1036
2949	29	2950	181	2951
2952	2953	1098	2954
1678	1551	1444
2525	872	2955	416
2956	2957	2958	290
2959	2960	2961
1678	927	2114	1003
2962	385	2963	1074
2964	1338	2961
2965	642	1159	2966
2959	2967	2968	19
2969	925	2970	2971	2194
2972	2335	2973	137	2194
2965	2974	2975	1557
2959	2976	2977	1902
810	522	2978
2979	312	1749	2977
2980	2981	2328	2977	2982
2983	163	2984	2985
2986	2987	323	2988
2964	1005	75	137	1437
2980	2989	2551	2979
2949	29	2950	181	2951
2963	900	75	2990	49
2991	2492	2003	2073	2992
2993	2994	2980	2989
2762	2995	2996	2997
2998	2335	2973	137	2985
2999	3000	1704	74
107	3001	3002
2978	45	1421	1902
3003	3004	3005	137	38
3006	407	3007	3008
2978	870	3009	1927
3010	19	1231	1127	3011	284
3012	642	1269	3013	3014
3015	96	3016
3017	880	1509	1125
3018	372	3007	3008	290
3019	231	3020
2979	3021	2980	2212
1764	3022	1678	521
3023	3024	75	3025
3026	3027	705	3028	1127
2956	3029	3030	2413
3031	3032	3033	1649
3034	3035	74	3036	1399
2709	2276	3037
3038	555	895	3039
3040	1035	3041
3042	3043	3044	3045
726	3046	245	1773	323
3047	2985	1041	45	379
3048	3049	3050
3051	3052	75	49
1678	45	3053	3044
3000	930	521	1530
3054	3055	3056	3057
3019	3058	137	2951
2980	2989	2738	1159	3059
3060	269	3010	2977	596
2959	1	3061	323
3062	3063	3064
3065	437	3066	3067
3016	893	668	1041
3068	1678	521	481
1678	2499	2960	2966
3069	266	2114	3070
3071	3072	2970	3073
3015	3074	3075	2378
3076	2609	348
3077	645	3078	3079
3080	1366	3081
2956	2960	810
2956	3082	3083	2114
3084	3085	2541	3086	351
3087	3063	3088
3089	3085	3090	644	645	3091
3015	3092	3016	3093	3094
3001	171	3095	3096	982
3065	3097	1027	1302
3098	3099	3047	728
3100	680	3101
1301	1127	555	3010	19
1096	521	3009
3102	2096	321	1366
1553	3103	555	323
2979	276	2980	2996	2981
2956	745	3104	3105	2977
644	249	3106	644	645
3107	1159	3108	2266
3109	810	3110	481
3065	3111	2507	3112
3065	437	3067	3066
2959	1628	2963	259
54	372	3113	3114
3115	3116	3117	3118
2979	918	2980	2257	3119
3120	3121	3122	1159
3123	3124	3125	3126
3127	3128	2451	2673
3129	396	3130	3131
3100	3132	2071	2989
3133	3134	1033	2240
3135	3136	3137	3138
1678	144	1194	3139
668	2992	3140	504
919	3141	872	3142	2365
2956	3143	3144	3145
3000	1975	3146	74
2336	1102	2951	906
3100	3147	469	3117
3148	3149	2977	2982
3148	3150	123	323
2983	930	3151	2970	2985
2980	2981	555	2982
1678	284	3118	2961
3152	3153	3154	687
3155	3156	3157
3158	171	3127	3159	323
1678	144	1194	3139
644	645	3160	3161	74
3162	3163	3164	333
3100	3165	181	481
2980	641	3002	3097	19
2983	794	3083	3166
861	3167	3168	788
3169	3170	3171	1572	938
3172	483	1706	3044	1588
3173	726	786	1630	3174
323	3175
3036	3176	3177	3178
3169	840	260	3016
3179	1023	3064	1025
3180	3181	276	3182	2663
1247	3183	3184
3185	3044	3186	3187	1003
3161	3188	644	645	196	3189
3190	3191	2819
3192	918	1010	3193
3194	2443	3195	2181
3196	1122	3197	2541	3032
3198	3199	644	249	3200
3201	278	3016	1745
3202	557	611	3203
3182	3170	3204	3161	74
3028	1852	3205	3206	3207
3208	986	3209	3165
3210	3211	3212	3213
3214	11	117	371
385	3215	299	3216
3217	3054	596	2610
3218	2271	3219	3220
3221	1749	3056	2357	1177
3222	11	3062	3161
726	266	2796	284	3223
3224	3225	3226
3227	3228	181	3229
3230	3231	941	2663
3232	3233	11	3234	3091
3235	3231	3236	1902
1981	2018	3237	3238
3137	323	3239	1730	624
3240	75	2401
3028	60	3236	3044	3241
3242	1406	75	49
3243	3244	3245	3246
3247	1513	3248	3161	1559
3036	3249	1745	2984
3243	2767	848
3226	3250	3054	3118
3251	3245	3252	2067
150	1513	1137	3253
3254	986	3255	3256
3157	123	3257	481	3240
3258	2905	1509	1981	481
3226	3259	1749	3215
3260	787	3261	3262	2173
3263	171	2233	3194
3227	787	726	3264
1646	976	316	3265	1206
1981	624	3266	3267	3268
3127	893	668	323
3269	840	3270	260
3271	3272	3273	1812
3274	1250	3275	3276	74
3054	2072	3277	3278
3227	745	3279	2663	3036
3226	3280	3281	260
3177	611	3282	2663
848	3283
3284	278	385	74	923
3242	3085	3279	591	3285
3286	3287
3288	3289	644	645	3290
3291	3292	2371
3293	363	3294	1557
3242	3295	848	604
3054	3296	3202
3297	3074	668	2728
3298	3299
3300	870	3301	3302
3303	2035	662
3304	3305	3306	3307
3308	481	3309	3310	641
3054	3311	3312
3242	691	3202	522
3313	113	3314	611
3315	724	2114	3316	3317
3318	1032	495
3319	3320	3177	3321
2762	66	3322	3323	1297
3324	3325	3326	1338	3327
3260	787	3261	3262	2173
3187	989	3328	3329
3330	3331	371	3332
371	3333	3334
3016	3335	3075
3336	3046	3337	3315
1981	3338	1038	282	37
3339	3340	3341	2212
2965	3342	935	3343
3344	3345	3346	3313
3347	249	3063	3348	3349
906	3350	60	3273	2375
3351	789	3177
3297	3352	2352	3205
3353	3354	3355
3356	1239	154	3357
3358	231	3234
3359	745	3187	3161	1167	1475
3360	2545	3361
3198	3362	578
3242	3363	307
2762	3364	848
3365	3366
3062	3105	3367
3368	3369	1003	3370
3371	1458	3372	3373
3374	2537	3169	3375
3376	3377	1459	2142
3240	1197	307
3378	3379	3380	2181
3242	2580	3062	1173
3381	1802	3264	3382
3226	396	3383	848
3384	3231	3233
3357	3385	2766
3386	3371	2767	3387
3388	3046	3389	644	249
3237	1332	3390	1187
3169	3228	3391	74
3392	3228	3393
3394	3395	3396
3397	3398	1041	323
3261	3399	3286	3400
644	645	3401	2530
3402	3230	3403	181	1041
3404	897	64
3405	1616	181	3406
3407	3395	3396
3408	3409	3334	1003
403	3376	3410
3376	2452	1742	3016
3411	3412	3264	3413
1981	3338	1038	282	37
3171	3414	3415	3416
3242	4	75	3325
3417	3418	154	3032
3419	2271	3420	3421
3422	1458	578
3062	3423	3424
3054	557	848
3226	3425	1625
3378	3379	3380	2181
3226	3426	3427	3428
3275	3276	2981	3085	3429
3195	959	3430	3431	1393
3432	3433	3274	3434
3169	3435	3205	3436
2541	3350	3437	74
3242	3438	3439	3440
1981	724	644	3441	3442
3443	3444	3424	986
3445	3446	3447	3448	62
3361	900	75	3449	3025
3359	724	3450	3187	3451
810	385	3452	3453
3062	1659	3454	1557
2541	3455	3456	3457
3169	97	3458	3454	946
3459	3460	3461	83
3462	900	1025	2984
906	3350	60	3273	2375
3463	3464	123	181	3465
1205	555	2352	831
1981	3092	3439	3466
3351	4	3467	2663
3157	3346	3468	1127
3087	3469	3470	3471
3359	407	3472	3027
3177	3215	3473	3253
3474	3475	154	2114
1710	3044	1588	1102	2541
3065	3335	3445	3278
1	3476	3477
3127	3028	3478	3054	74
3479	3480	3481	3482
3483	1458	3484	3448
154	2541	3485
2306	3486	3487
2337	483	889	3044	1588
3036	555	3488	351
3489	278	3490	2684
3334	3491	300
3492	3085	1902	1812
3493	1960	3494	1073	3495	3496
3497	3498	3253	3334
3499	1676	158
3500	3501	1919	3502
3453	3503	3504
1095	788	3505	1167	1399
3506	1880	1471	1658
3507	2615	3508
2352	3350	60	1913	307
3509	930	2352	3032	183
3334	290	3510	2762
3371	3511	3512	3513	3073
3514	3515	3516	1219	3161	481
3489	3163	1698	1107
371	2387	3517	2352
3518	3519	323	374
3520	787	3488	3371
3334	3521	1095	788
3522	3498	11	3009
3371	2904	1354
3448	1588	1219	3161	1658
3523	3524	3525	2352
3371	3395	3396
1174	3526
3527	3528	385	3529
2541	74	3530
3531	3065	1458	3104	3532
2541	123	1120	2893	154
2352	97	3458	3533	3534
3509	555	75	3453	3025
3535	282	7	2541	3536
3537	3538	1073	3495
3539	407	2352	2114
3334	3540	3485
3499	3058	3448	1684	3541
3542	3334	2352	3543
3544	555	517	3545	481
3522	1880	2352
3546	3547	3496	1163
3548	3334	74	3549	3550
3551	3552	3553
3554	3161	3091	3555	906
3264	371	3485
2541	372	3489	3545	53
3060	3556	83
3557	2035	154	106
3448	1588	1219	3161	3558
3559	1447	3560	1658
2541	3561	3496	1241	3562
3100	3547	3563	1163
3509	870	2352	3044	1340
2352	62	3564	3565	2142
3566	787	3567	3568
2762	3448	3569
2965	118	3570	3571
3572	3573	3357	260
3574	1628	2352	1927
3522	323	3575
3576	3511	3577	183
3578	3579	3580	2352
3581	2842	3582	3021
3583	3489	3584	3585
3586	745	3587	3448
360	3526	385
2127	1513	2352	728
3588	624	1630	3496
3589	870	2352
2076	3590	3553
2541	1658	3591	3013	3566
3592	3593	490	3371
3594	3595	3014	735
3557	2035	154	106
3596	3597	1471	3253
3483	1458	3448
3334	201	2890	2337
3598	7	3599
3522	1269	3334	3253
3381	123	3161	3465
2197	3600	3601	3602
3603	3604	3605
3407	3606	3607	3044
2541	3608	3549	3550	65
3609	1269	3610
3611	787	3142	154
3612	1162	3613	702
3614	3511	1772	3615
2352	3616	154
3612	3617	3618
3619	555	2632	323
3620	1594	137	1473	1120
3621	3044	438	3334	3622
3623	16	3448	3624
3612	1005	3564	1617
1888	3625	3626	3627
3585	3628	3614	3629
3630	3631	3632	3633
3634	3635	1888	3636
3637	510	2541	1163
3614	163	3478	3448	1475
3602	1741	3638	3639	3216
3640	3641	2977	3642
3643	3631	3644
3645	1250	3646	3161	3073
3647	3648	880	3083	1366
3649	3564	761	2052
1925	3650	3651	3652	3653
3654	3489	16	578
3655	831	282	2070	3656
3657	3658	3659	3660
2541	724	75	3661
3581	2842	3582	3021
3662	3099	1597	3161	3091
3663	3664	1742	1041	3665
3666	3667	3514	3515
3620	485	3668	3669	3670
3648	1041	3671	3564
2197	191	3672
3648	3600	469	3603
3673	3674	1597	3161	74
3527	3264	3216
3386	3371	2767	3387
3675	745	323	1167	3118
3676	3677	2580	3564	379
3673	3678	3161	906
3679	3680	3549	3550	3681
3682	123	3683	323
3684	53	2071	3685
3686	3612	692
3687	7	1354
3598	7	3599
3688	3689	3690	1559
2197	191	3672	3691
3692	3612	1005	3564	1617
3644	2416	3610
3693	3631	3640
3694	363	1333	2378
3673	3674	1597	3161	74
2709	2071	3695
371	3696	2541
3649	3564	761	2052
3673	1113	284	957	2985
1639	3697	3398	2252	1041
3698	3231	3264	323
3393	396	3691	1003
3264	3699	371
3334	74	3700	3701	3702
3609	3703	3704
3705	3706	2114
3707	3708	3709
3598	3092	1163	557
3682	2935	3710	2114
3711	1139	1003
3334	3712	2352
3598	3713	1240	469
2352	2109	3113	3565	3714
3196	3715	3716
3717	266	208	3718
3719	3511	3448	3508
3643	3631	3644	3689	3690
1781	3694	930	3720	2985
3672	794	3691	3229
3645	387	3646	3161	1559
3721	794	3292	201
3688	611	75	3350
3676	893	3599	1041
3673	3722	1597	3161	1194
3676	3723	3724	273
1712	3725	3726	3689	3690
3707	3092	906	3727
3693	880	957	3685	3465
3728	3729	3730	2071	3685
3688	11	3731	1559
3732	2551	2977	2530
3489	1975	3724	2985
3603	1162	3733
3673	2035	2580	379
3648	11	3731	2530
1146	3734	3097	307
3735	930	3736	3266	1559
2197	1113	284	387	1559
3737	3738	219	307
2197	3739	3740	3741
3716	3154	3704	481
3648	3381	62	3742	1399
3743	3644	3744	2890	3672
3612	870	388	3745
3602	323	3705
3619	642	1395	3724	3704
3648	3224	2684	1597	3161
3746	3747	3612	3748
3688	2713	3350	3749
3619	522	3724	3704
3750	897	3751	1003
3676	1057	3599
2621	96	827	3752	3753
1039	1532	165	3754
3755	3756	967	2226
3757	3758	3759	3760
3757	1105	3761	3762
3757	1105	3761	3762
3763	829	3764	3765	3766
2402	3767	3768	2606
3769	3770	35	3771
3772	109	3086	3773
3774	1468	515	3775	254
3776	3768	2606	60	106
3777	3092	229	2178	3778	3779
884	496	3780	3252
3781	109	364	2559	3772	1
3782	75	669	3783	3784
1083	3785	3786	2053
3787	3788	3789	3790
3791	3792	3793	3794
3795	3796	1332	3797
1449	3770	3798	3799
1449	3786	374	3800	3801
2521	3802	589	3803	3804
3805	146	3806	2126
3807	479	3808
2521	260	3809	3810
3795	3796	3811	7	2321
3812	3813	3772	2330
3814	3815	849	3816	53
3817	3818	3819
3820	3821	3822	3823
3824	139	3825	3826
820	691	3827	3828
3704	3829	1220	3399	3830
3831	174	3496	3832
3833	3772	3834	624
3835	2520	3768	2606
3791	3836	1296	979	227
3837	3838	7	3839	3840
3841	1239	3842	3771	3843
117	3772	3844	3845	3846
3847	3818	1667
1386	3848	3849	3850
3791	2523	3851	307
139	3852	3853	92	3854
3855	2236	3856	2416
3857	3858	463	3859	3860
3861	1653	3862	3863
3864	3865	3866	3867
1286	1538	1417	1409	930
3868	3869	488	773
207	3870	3871	3872
1420	3873	1028
3874	1543	3875
245	3784	11	3876	986
3877	2194	14	3878	1736
3879	3847	3880	52
3881	85	3882	3883	413
3884	1124	3885	3886
3887	804	916
3888	3889	1409	1399
3890	1533	3891	3772
3892	3847	1458
2098	2542	3893	4
3894	3895	231	3896
3897	1736	396	3292	1913	427
3898	3899	3900
3881	541	3901	3780	3014
3837	3838	407	2353	3902
3903	153	3904	3905	3906
3907	3803	396	3757
3908	1375	515	3819
641	2003	3909	3910
3763	193	1667	3279
3911	3784	3912
3913	3914	3915	348
2635	969	3916	1399	3854
3917	1572	3918
3919	2335	3920	3761
3921	2003	3791	3922	1206
3923	3766	2582	3819
3874	916	1113	1110
3787	3788	3789	3790
3924	3925	3926	3927
1039	3928	3929	437
195	3754	3930	3931
2012	4	3932	3933
3934	3935	1187	3936
3937	3938	3939	986
3897	3940	165	3941	273
3942	3943	75	3944	3945
3946	2378	1611	3947
3948	3949	3950	3951
2709	3952	3953
3954	1971	231	3955
27	28	870	3858	3956	227
691	2559	3772	638	1
3874	3957	3541	3958
3959	3960	2053	3961
790	3962	680	3963
3897	1468	3964	165	2285
2410	3838	346	75	3965
3966	1081	173	3854
1073	2994	7	3776	2260
3757	312	1369
3967	75	3968	3969
3795	3970	74	3896	1187
3757	3758	3760
3971	139	3770	3972
3973	3974	3975	679
3976	1369	3977	1433	1739	3978
3979	3980	45	3981	3902
3959	423	2023	3252	3982
50	3983	3984
3786	3985	1028
3986	3987	3988	14
3989	1094	3990
3991	3992	638	3993	3121
3994	3995	1229	1475	1201
3996	2058	3997	30
3998	3999	2109	181	1127
763	312	1369	2330
4000	4001	786
4002	4003	195	3854	643
3874	176	1716	3113	4004
4005	1858	3803	139	4006
3814	804	4007	2429
4008	2226	3853	4009	109
2408	3928	4010
3839	4011	4012
4013	4014	4015
790	986	4016
4017	693	177	178
4018	1139	2060	4019	2
4020	1740	4021	4022
117	97	4023	3772	4024
3757	880	1759	2663
4025	4026	2416	3891	3772
1987	4027	3772
3983	139	4028	4029
3959	521	4030	4031
4032	4033	691	4034	4035
3814	4036	396	0
4037	3847	3110	52
514	4038	4039	4040
4041	1458	75	3771
3812	1094	4042	4043
4044	3004	4028	38
1167	4045	4046
1897	4047	3839	1201
4048	4049	153	4050
4051	2286	4052	4053
4054	4055	2430
4056	3525	4057	360
3998	266	4058	4059
3786	3985	1028
1341	986	3784
3997	3927	3754	4060
3989	396	4061
4062	3858	1255	1239	3853	4063
4064	4065	1051	1328
4066	3143	3909	4067
4068	938	4069	4070	4071
3881	541	3901	3780	967
3979	4072	372	4073	109
3757	139	4074	3826
4075	4076	1602
3814	2103	829	4016
2071	4077	139	3891	3772
641	2003	3909	3910
4078	3168	3847	3818
3934	3935	1187	3936
2135	843	2060	4019	2
884	1269	3772
1834	250	4079	3928
4080	4081	165	3941	273
1016	787	3795	1386	4082
4083	323	1790	4084
3874	74	4085	1386	4086
4087	4088	541	2
2139	4089	299	4053
4090	4091	522	3925
4092	4093	2002	1421	178
4094	4036	1498	4095
3894	4082	139	4096
4097	483	4098	1730
3881	227	97	145	4099
2139	123	4100	2103
4075	4076	1602
4101	4102	589	2024
209	4103	3888
3757	4071	3834	4104
333	787	3770	4105
3937	3938	3939	986
3989	4106	4061
1161	7	3888	4011	3104
4107	11	4108	4109
3757	139	4074	3826
3989	3882	30	582
4090	904	4110	784	1775
3989	1094	3990
266	4058	4059
644	4111	4112	4113
4114	4115	479	3791	3836
4051	2286	4052	4053
4116	4117	4036	1428
2505	2616	4082
986	4118	4119
3814	1534	266	1962
117	4120	763	711	4121
107	374	3968	3856
333	787	3770	4105
4122	4123	2871	863
4124	4125	1239	137
4101	804	1395	2644
1073	4126	4127	3004	38
4128	4129	4130
4131	2589	3983
1073	3803	930	3772	4132
4133	4134	0
3989	4135	799
3777	4136	4137	3776	3830
4138	4139	4140	1159
4141	1468	4142	4028	4143
790	4036	137	1194
4144	642	515	3952
4032	4033	691	4034	4035
2617	829	4145	278
2139	123	4146	4053
4147	691	4148
3998	438	2023	3710
3839	4011	4012
4149	4150	880	4151	196
3791	479	480	4152	4153
1572	35	934
4154	4155	2869	4156
1039	1532	165	3754
3791	146	4157	4158	4159
4122	4160	4161	39
4162	691	4163	1375
884	1269	3772
4164	4165	1572	1097	4060
3791	146	4157	4158	4159
4166	3925	4167	4168
3814	4169	87	4170
4171	2271	4172	1727
3791	479	4173	4174	4175
4005	1858	3803	139	4006
4176	638	1239	4177	4145
3874	1239	4178	4179
1016	787	3795	1386	4082
3814	804	4007	2429
3897	1736	396	3292	1913	427
987	75	3968	766
3991	3992	638	4180	3121
4181	3840	4182	4183
3881	227	97	145	4099
3874	74	4085	1386	4086
3986	3987	3988	14
1456	1602	7	4067
4184	3980	642	4185	4186
4144	621	75	3795	3796
2709	3952	3953
4187	3004	3864
4188	4189	4190	4191
2097	3216	3141	125	4192
4193	4194	4134	4195	789
3897	4196	4197	227	4198
1286	3858	1369	4134	4199	4200
3757	4071	3834	4104
4201	4202	375	2023	3252
4080	4203	38	4204
763	4205	4206	4207
4048	4049	153	4050
790	360	1369	4208	4096
4209	4210	4211
4212	1429	3819	4213	4214
4215	11	803	3216	1760
1219	1684	1167	803	4059
3991	66	14	38	318
4216	4217	4218
4162	691	4163	1375
4219	396	1369	4220
4221	1395	4222	4223
4224	2152	4225	4226
4041	1458	75	3771
1712	591	804	83
1892	428	4227	3772	962
3989	4228	863
1456	194	3772	35	4011
3996	878	3981	1369
4184	3980	642	4185	4186
3757	396	3981	1369
4229	4230	4231
2135	843	2060	4019	2
1892	428	4227	3772	962
3791	3922	4232	139	4233	4234
2617	829	4145	278
3757	880	1759	2663
4201	4202	375	2023	3252
3776	3768	2606	2040
4235	3987	4236	3772	968
3755	3756	967	2226
4237	4238	4239
4090	3901	4240	4241
2975	3871	4242	4243
3989	4244	39
4245	167	4246	4247	306
3757	2335	2973	3761
3928	4150	4248	4249
559	1909	480	4250
3959	3960	2053	3961
3959	372	555	4251	1736
4196	4252	2378	4253
1516	4254	372	3992
4255	146	4256	4257
3967	75	3968	3969
398	2226	4258	4259	3909
4235	3987	4236	3772	968
3989	3882	30	4260
2617	4261	811	4262	3796
884	496	3780	3252
4263	1366	4264	3772	1121
3861	1653	3862	3863
2709	13	4265	4266
4267	4019	7	4268
3908	1375	515	3819
3994	3995	1229	1475	1201
4269	3945	4270	3792	3902
3777	3092	229	2178	3778	3779
3922	230	3901	4232	4271
3795	3796	3811	7	2321
3847	4272	1667
3787	4273	3772
3791	2523	3851	307
3855	2236	1139	2848	4274
117	4275	2023	4241
3864	3865	3866	3867
3791	880	4276	2215	3851
4277	3952
2402	3767	3768	2606
3795	3796	1332	3797
4278	1139	153	1375	4279
3998	880	181	831
4280	1920	4281	4274
4054	2260	4282	4283	3104
3791	3836	1296	979	227
3820	4284	4210	3834
4285	3772	396	4286
4287	3168	3772	4288
1073	4289	3697	1421	4290
3814	4291	1558	75	4292
3757	510	4293	4294	2236
4295	916	787	3772	638	1
3911	3784	3912
1386	3848	3849	3850
3814	1375	4106	4296	4297
3351	3853	4298	3772
3781	109	364	2559	3772	1
4278	4299	396	4300
3954	1971	231	3955
4080	4203	38	4204
3795	3796	3999	3811	7
406	4301	372	3104	34
3814	3815	849	3816	53
3959	423	2023	3252	3982
2621	1835	372	3763	4302	4303
3807	479	4304	3808
4305	4306	4307	4308
790	4011	56	4309
3814	1332	1474	1552
1842	986	638	3105
3791	3792	3793	3794
4176	3784	1808	4310	4104
2521	260	3809	3810
4311	3964	4312	3819
3805	146	3806	2126
154	144	3770	4313
4181	3840	4182	4183
3814	4169	87	4170
3919	2335	3920	3761
4000	4001	786
3173	3996	4117	2152	4314
820	691	3827	3828
4315	3990	4210	198	4316
3812	3813	3772	2330
448	773	4014	4015
1215	4317	691	4318
3948	4319	4227	962
4320	2152	4321	3772
3989	555	4322
4323	3834	259	2443
4324	3513
4325	4326	2482	4327
15	225	4328	986
2617	162	839	3772	3834
4329	30	4036
3942	3943	75	3944	3945
3776	3768	2606	60	106
2012	4	3932	3933
27	28	870	3858	3956	22